Mesh Points: 116
	 4.304655e-01, -3.394551e-01
	 4.037452e-01, -3.713167e-01
	 4.205601e-01, -2.088159e-01
	 3.867871e-01, -1.895105e-01
	 3.023506e-01, -3.326984e-01
	 2.895713e-01, -2.849838e-01
	-2.260232e-01, -1.744256e-02
	-3.360797e-01,  6.779420e-02
	-2.827356e-01,  1.769514e-01
	-2.806257e-01,  1.781385e-01
	-2.013243e-01,  1.718119e-01
	-1.478631e-01,  7.112555e-02
	-1.578323e-01,  3.684274e-02
	-1.825710e-01,  1.581739e-01
	 1.214472e-01, -3.534450e-01
	 1.230224e-01, -3.576369e-01
	 6.226659e-02, -3.052168e-01
	-4.987166e-02, -3.476453e-01
	-1.735221e-02, -5.000000e-01
	 9.549805e-02, -5.000000e-01
	 4.048738e-01, -4.095290e-01
	 3.245366e-01, -5.000000e-01
	 2.513901e-01, -3.949236e-01
	 2.827999e-01, -5.000000e-01
	-2.490400e-01, -1.779335e-01
	-3.742869e-01, -2.116984e-01
	-2.186753e-01, -1.048185e-01
	-2.370909e-01, -6.089373e-02
	-3.651902e-01, -8.273957e-02
	-3.973929e-01, -1.506599e-01
	 5.684059e-02, -1.908968e-01
	-1.125669e-01, -2.332968e-01
	-7.104422e-02, -1.503511e-01
	-6.588206e-02, -3.422438e-01
	-6.970997e-02, -1.496112e-01
	 2.252951e-01, -2.556753e-01
	 1.987685e-01, -1.573528e-01
	 9.737604e-02, -1.579249e-01
	 5.000000e-01, -4.769875e-01
	 5.000000e-01, -3.406448e-01
	-3.803529e-01, -3.214352e-01
	-3.729208e-01, -2.958212e-01
	-3.373518e-01, -4.647961e-01
	-1.932019e-01, -3.957920e-01
	-2.311872e-01, -3.150671e-01
	 2.524145e-01,  1.202120e-01
	 2.003736e-01,  7.433352e-02
	 2.271309e-01,  2.262318e-01
	 1.214653e-01,  2.291383e-01
	 8.514563e-02,  1.329793e-01
	-5.774377e-02, -6.277179e-02
	 3.617970e-01,  1.111680e-01
	 3.799679e-01,  2.244297e-01
	 4.219694e-01,  2.520674e-01
	 5.000000e-01,  2.288785e-01
	 5.000000e-01,  1.222279e-01
	 3.733716e-01,  9.966166e-02
	-2.536774e-01,  3.894667e-01
	-3.071707e-01,  3.514258e-01
	-1.631342e-01,  3.538929e-01
	-1.601306e-01,  3.494713e-01
	 8.117053e-02, -3.195301e-02
	 2.717449e-02,  1.598293e-03
	-3.828540e-01,  3.498000e-01
	-4.294219e-01,  4.009752e-01
	-4.118693e-01,  5.000000e-01
	-2.632672e-01,  5.000000e-01
	-3.985377e-01,  4.434038e-02
	-4.626712e-01,  1.288197e-01
	-4.005825e-01,  2.064476e-01
	 5.000000e-01,  3.807781e-01
	 4.227515e-01,  3.780552e-01
	 1.720275e-01,  3.937990e-01
	 1.731759e-01,  3.981401e-01
	 2.600797e-01,  2.814859e-01
	 2.704806e-01,  4.464133e-01
	 3.759812e-01,  4.024528e-01
	 2.824734e-01,  2.852654e-01
	-4.275785e-01,  2.752822e-01
	-5.000000e-01,  3.993173e-01
	-5.000000e-01,  2.693498e-01
	-3.506703e-01, -5.000000e-01
	-5.000000e-01, -5.000000e-01
	-5.000000e-01, -3.881569e-01
	 6.936059e-02,  3.193287e-01
	 2.490807e-02,  3.233916e-01
	-2.088113e-02,  5.000000e-01
	 1.221400e-01,  5.000000e-01
	 3.859468e-01, -2.341292e-02
	 2.412117e-01, -4.754408e-02
	 1.955904e-01,  1.780223e-02
	 5.000000e-01, -1.960916e-01
	 5.000000e-01, -3.569857e-02
	 3.953606e-01, -3.305324e-02
	 3.824410e-01, -1.812599e-01
	-6.056913e-02,  5.000000e-01
	-2.714337e-02,  2.906056e-01
	 2.338283e-02,  1.134139e-01
	 1.275391e-02,  9.456714e-02
	-3.941896e-02,  2.268444e-01
	 2.221262e-01, -1.359368e-01
	-5.000000e-01, -1.206630e-01
	-5.000000e-01, -2.561054e-01
	-3.849992e-01, -2.589371e-01
	 3.838206e-01,  4.038938e-01
	 2.722818e-01,  5.000000e-01
	 4.067954e-01,  5.000000e-01
	 5.000000e-01, -5.000000e-01
	-5.000000e-01,  1.348869e-01
	-5.000000e-01, -1.996050e-02
	-4.080310e-01,  2.106685e-02
	-1.871438e-01, -3.985901e-01
	-2.002375e-01, -2.524742e-01
	-5.000000e-01,  5.000000e-01
	-1.472691e-01, -5.000000e-01
	 5.000000e-01,  5.000000e-01
Mesh Facets: 172
	19, 18
	1, 4
	21, 23
	16, 17
	16, 30
	16, 14
	38, 39
	20, 1
	0, 1
	23, 22
	23, 19
	19, 15
	6, 12
	26, 27
	34, 32
	54, 55
	10, 9
	37, 30
	34, 50
	30, 34
	58, 57
	65, 66
	8, 7
	54, 53
	70, 54
	63, 64
	80, 79
	81, 82
	82, 83
	40, 42
	86, 87
	73, 72
	46, 45
	56, 51
	92, 91
	2, 3
	60, 59
	95, 86
	86, 85
	13, 11
	94, 93
	88, 89
	46, 90
	49, 46
	98, 97
	61, 62
	101, 102
	29, 25
	51, 45
	45, 47
	77, 74
	52, 51
	76, 75
	106, 105
	53, 71
	53, 52
	76, 104
	76, 77
	52, 77
	107, 38
	107, 21
	20, 21
	20, 38
	109, 108
	67, 68
	33, 31
	44, 43
	78, 63
	9, 8
	9, 58
	8, 69
	63, 58
	65, 64
	65, 113
	113, 79
	64, 79
	114, 81
	43, 111
	43, 42
	81, 42
	112, 31
	26, 32
	26, 24
	32, 31
	67, 7
	7, 6
	28, 27
	6, 27
	67, 110
	50, 62
	50, 12
	12, 11
	11, 98
	98, 62
	69, 68
	69, 78
	80, 78
	80, 108
	108, 68
	92, 93
	92, 55
	55, 56
	88, 56
	93, 88
	13, 10
	13, 99
	10, 60
	60, 96
	94, 3
	100, 94
	5, 3
	35, 36
	83, 40
	83, 102
	102, 103
	41, 40
	71, 104
	70, 71
	104, 106
	115, 106
	115, 70
	95, 59
	95, 66
	66, 57
	59, 57
	47, 74
	47, 48
	72, 74
	84, 72
	39, 0
	39, 91
	2, 91
	2, 0
	110, 28
	28, 29
	109, 110
	101, 109
	29, 101
	25, 24
	25, 103
	112, 44
	24, 112
	41, 103
	44, 41
	22, 15
	22, 4
	14, 35
	35, 5
	5, 4
	15, 14
	114, 111
	114, 18
	18, 17
	111, 33
	33, 17
	105, 75
	105, 87
	87, 73
	73, 75
	100, 36
	89, 100
	61, 90
	37, 61
	89, 90
	36, 37
	49, 48
	49, 97
	48, 84
	84, 85
	97, 99
	99, 96
	96, 85
Facet Neighbors: 172
	-3, 2
	0, 3
	-3, 3
	2, 5
	5, 6
	2, 6
	-2, 7
	3, 7
	0, 7
	3, 10
	-3, 10
	2, 10
	1, 11
	4, 11
	5, 11
	-2, 12
	1, 13
	6, 14
	11, 14
	5, 14
	13, 15
	-4, 15
	1, 16
	12, 17
	-2, 17
	15, 19
	-1, 19
	-3, 20
	-1, 20
	8, 20
	-4, 21
	18, 21
	9, 22
	12, 22
	-2, 23
	0, 23
	13, 24
	-4, 24
	21, 24
	1, 25
	23, 26
	22, 26
	22, 27
	9, 27
	25, 27
	14, 27
	-1, 28
	4, 28
	22, 29
	9, 29
	18, 29
	12, 29
	18, 30
	-4, 30
	17, 31
	12, 31
	30, 31
	18, 31
	29, 31
	-2, 32
	-3, 32
	3, 32
	7, 32
	-1, 33
	16, 33
	5, 34
	8, 34
	19, 35
	1, 35
	13, 35
	16, 35
	15, 35
	15, 36
	-4, 36
	-1, 36
	19, 36
	-3, 37
	34, 37
	8, 37
	20, 37
	34, 38
	11, 38
	4, 38
	5, 38
	16, 39
	1, 39
	4, 39
	11, 39
	33, 39
	14, 40
	11, 40
	1, 40
	25, 40
	27, 40
	16, 41
	35, 41
	19, 41
	-1, 41
	33, 41
	23, 42
	-2, 42
	12, 42
	22, 42
	26, 42
	1, 43
	25, 43
	13, 43
	24, 43
	23, 44
	26, 44
	0, 44
	6, 44
	20, 45
	-1, 45
	28, 45
	8, 45
	31, 46
	17, 46
	30, 46
	-4, 46
	-2, 46
	24, 47
	-4, 47
	15, 47
	13, 47
	29, 48
	9, 48
	18, 48
	21, 48
	7, 49
	-2, 49
	23, 49
	0, 49
	39, 50
	4, 50
	33, 50
	-1, 50
	28, 50
	4, 51
	28, 51
	34, 51
	38, 51
	45, 51
	8, 51
	10, 52
	3, 52
	6, 52
	44, 52
	0, 52
	2, 52
	37, 53
	-3, 53
	2, 53
	34, 53
	5, 53
	30, 54
	-4, 54
	21, 54
	18, 54
	44, 55
	26, 55
	27, 55
	14, 55
	22, 55
	6, 55
	9, 56
	27, 56
	48, 56
	21, 56
	25, 56
	43, 56
	24, 56
Mesh Regions: 57
	1, 8, 35, 110, 132, 148
	12, 16, 22, 39, 68, 85, 91, 104
	0, 3, 5, 11, 149, 152
	1, 2, 7, 9, 61, 145
	13, 47, 82, 86, 134, 138
	3, 4, 14, 19, 65, 83, 154
	4, 5, 17, 111, 146, 164
	6, 7, 8, 62, 129
	29, 66, 78, 115, 143
	32, 43, 49, 126, 165
	9, 10, 11, 144
	12, 13, 14, 18, 81, 87, 90
	15, 23, 33, 51, 55, 101
	16, 20, 36, 69, 106, 124
	17, 18, 19, 45, 89, 162
	20, 21, 25, 71, 72, 123
	22, 64, 70, 84, 94
	23, 24, 54, 117
	31, 50, 52, 57, 127, 158
	25, 26, 67, 75, 96
	27, 28, 29, 79, 112
	30, 31, 38, 128, 157, 168
	32, 33, 41, 42, 48, 102, 163
	34, 35, 40, 99, 108, 131
	36, 37, 38, 107, 121, 171
	39, 44, 92, 105, 169
	40, 41, 103, 109, 160
	42, 43, 44, 45, 93, 161, 166
	46, 47, 114, 137, 139
	48, 49, 50, 51, 58, 125
	52, 53, 56, 118, 155
	54, 55, 56, 57, 58, 116
	59, 60, 61, 62
	63, 64, 88, 98, 135
	65, 66, 77, 80, 140, 153
	67, 68, 69, 70, 71, 95
	72, 73, 74, 75
	76, 77, 78, 79, 150
	80, 81, 82, 83, 141
	84, 85, 86, 87, 88, 133
	89, 90, 91, 92, 93
	94, 95, 96, 97, 98
	99, 100, 101, 102, 103
	104, 105, 106, 107, 170
	108, 109, 110, 111, 147, 159
	112, 113, 114, 115, 142
	116, 117, 118, 119, 120
	121, 122, 123, 124
	125, 126, 127, 128, 167
	129, 130, 131, 132
	133, 134, 135, 136, 137
	138, 139, 140, 141, 142, 143
	144, 145, 146, 147, 148, 149
	150, 151, 152, 153, 154
	155, 156, 157, 158
	159, 160, 161, 162, 163, 164
	165, 166, 167, 168, 169, 170, 171
Seed Numbers: 57
	0
	1
	2
	3
	4
	5
	6
	7
	8
	9
	10
	11
	12
	13
	14
	15
	16
	17
	18
	19
	20
	21
	22
	23
	24
	25
	26
	27
	28
	29
	30
	31
	32
	33
	34
	35
	36
	37
	38
	39
	40
	41
	42
	43
	44
	45
	46
	47
	48
	49
	50
	51
	52
	53
	54
	55
	56
Phase Numbers: 57
	0
	0
	0
	0
	0
	0
	0
	0
	0
	0
	0
	0
	0
	0
	0
	0
	0
	0
	0
	0
	0
	0
	0
	0
	0
	0
	0
	0
	0
	0
	0
	0
	0
	0
	0
	0
	0
	0
	0
	0
	0
	0
	0
	0
	0
	0
	0
	0
	0
	0
	0
	0
	0
	0
	0
	0
	0
Volumes: 57
	0.0166285231105244
	0.023881259719116938
	0.025355093672781957
	0.01678525681827991
	0.018395712212317106
	0.024505771418190457
	0.02393255881739475
	0.009464886839266076
	0.01984469433312048
	0.01800786769907292
	0.01949106103558501
	0.02076250009748583
	0.01655120214725089
	0.02288457199187838
	0.022389426451102958
	0.022640234438776094
	0.017416949089732302
	0.010791533966419967
	0.018092680959444517
	0.01202279305113178
	0.021734943452186753
	0.024230725558087148
	0.025449935744998632
	0.018633453964339908
	0.02288795749636041
	0.019851406686512783
	0.01965840687653176
	0.021373740415105313
	0.014029781242386168
	0.01947322394325636
	0.009787171410611546
	0.015435689845794145
	0.009031723665929062
	0.010113265997281795
	0.017313681655721315
	0.018074251796971422
	0.007916557173333227
	0.012927205814963103
	0.016633118521421162
	0.017537305273722853
	0.018433065281510626
	0.010893837635237543
	0.017432195096160744
	0.019469569456868906
	0.01626138910454434
	0.011778630552081355
	0.01245533456014733
	0.019641265700377317
	0.01962578831855181
	0.01027771734015464
	0.016407692986779483
	0.0180012452913616
	0.01445181023400469
	0.01865136915932242
	0.010210360936130218
	0.02121012932092917
	0.0228604746214503
