Mesh Points: 116
	 9.549805e-02, -5.000000e-01
	-1.735221e-02, -5.000000e-01
	 4.037452e-01, -3.713167e-01
	 3.023506e-01, -3.326984e-01
	 3.245366e-01, -5.000000e-01
	 2.827999e-01, -5.000000e-01
	 6.226659e-02, -3.052168e-01
	-4.987166e-02, -3.476453e-01
	 5.684059e-02, -1.908968e-01
	 1.214472e-01, -3.534450e-01
	 5.000000e-01, -4.769875e-01
	 5.000000e-01, -3.406448e-01
	 4.048738e-01, -4.095290e-01
	 4.304655e-01, -3.394551e-01
	 2.513901e-01, -3.949236e-01
	 1.230224e-01, -3.576369e-01
	-2.260232e-01, -1.744256e-02
	-1.578323e-01,  3.684274e-02
	-2.186753e-01, -1.048185e-01
	-2.370909e-01, -6.089373e-02
	-6.970997e-02, -1.496112e-01
	-7.104422e-02, -1.503511e-01
	 5.000000e-01,  2.288785e-01
	 5.000000e-01,  1.222279e-01
	-2.013243e-01,  1.718119e-01
	-2.806257e-01,  1.781385e-01
	 9.737604e-02, -1.579249e-01
	-5.774377e-02, -6.277179e-02
	-3.071707e-01,  3.514258e-01
	-2.536774e-01,  3.894667e-01
	-4.118693e-01,  5.000000e-01
	-2.632672e-01,  5.000000e-01
	-2.827356e-01,  1.769514e-01
	-3.360797e-01,  6.779420e-02
	 4.219694e-01,  2.520674e-01
	 5.000000e-01,  3.807781e-01
	-3.828540e-01,  3.498000e-01
	-4.294219e-01,  4.009752e-01
	-5.000000e-01,  2.693498e-01
	-5.000000e-01,  3.993173e-01
	-3.506703e-01, -5.000000e-01
	-5.000000e-01, -5.000000e-01
	-5.000000e-01, -3.881569e-01
	-3.803529e-01, -3.214352e-01
	-3.373518e-01, -4.647961e-01
	-2.088113e-02,  5.000000e-01
	 1.221400e-01,  5.000000e-01
	 1.731759e-01,  3.981401e-01
	 1.720275e-01,  3.937990e-01
	 2.003736e-01,  7.433352e-02
	 2.524145e-01,  1.202120e-01
	 3.733716e-01,  9.966166e-02
	 3.617970e-01,  1.111680e-01
	 5.000000e-01, -3.569857e-02
	 5.000000e-01, -1.960916e-01
	 4.205601e-01, -2.088159e-01
	 3.867871e-01, -1.895105e-01
	-1.601306e-01,  3.494713e-01
	-1.631342e-01,  3.538929e-01
	-6.056913e-02,  5.000000e-01
	 2.490807e-02,  3.233916e-01
	-1.825710e-01,  1.581739e-01
	-1.478631e-01,  7.112555e-02
	 3.824410e-01, -1.812599e-01
	 3.953606e-01, -3.305324e-02
	 3.859468e-01, -2.341292e-02
	 2.412117e-01, -4.754408e-02
	 1.955904e-01,  1.780223e-02
	 8.514563e-02,  1.329793e-01
	 1.275391e-02,  9.456714e-02
	 2.338283e-02,  1.134139e-01
	 8.117053e-02, -3.195301e-02
	 2.717449e-02,  1.598293e-03
	-5.000000e-01, -1.206630e-01
	-5.000000e-01, -2.561054e-01
	-3.973929e-01, -1.506599e-01
	-3.742869e-01, -2.116984e-01
	 2.271309e-01,  2.262318e-01
	 2.824734e-01,  2.852654e-01
	 2.600797e-01,  2.814859e-01
	 3.799679e-01,  2.244297e-01
	 3.759812e-01,  4.024528e-01
	 2.704806e-01,  4.464133e-01
	 4.067954e-01,  5.000000e-01
	 2.722818e-01,  5.000000e-01
	 4.227515e-01,  3.780552e-01
	 3.838206e-01,  4.038938e-01
	 5.000000e-01, -5.000000e-01
	-5.000000e-01, -1.996050e-02
	-5.000000e-01,  1.348869e-01
	-3.985377e-01,  4.434038e-02
	-4.626712e-01,  1.288197e-01
	-6.588206e-02, -3.422438e-01
	-1.125669e-01, -2.332968e-01
	-2.311872e-01, -3.150671e-01
	-1.932019e-01, -3.957920e-01
	-4.275785e-01,  2.752822e-01
	-4.005825e-01,  2.064476e-01
	-5.000000e-01,  5.000000e-01
	-1.472691e-01, -5.000000e-01
	-1.871438e-01, -3.985901e-01
	-2.002375e-01, -2.524742e-01
	-2.490400e-01, -1.779335e-01
	-3.651902e-01, -8.273957e-02
	-4.080310e-01,  2.106685e-02
	-3.941896e-02,  2.268444e-01
	-2.714337e-02,  2.906056e-01
	 2.221262e-01, -1.359368e-01
	 2.895713e-01, -2.849838e-01
	 2.252951e-01, -2.556753e-01
	 1.987685e-01, -1.573528e-01
	-3.849992e-01, -2.589371e-01
	-3.729208e-01, -2.958212e-01
	 5.000000e-01,  5.000000e-01
	 1.214653e-01,  2.291383e-01
	 6.936059e-02,  3.193287e-01
Mesh Elements: 199
	14, 12, 3
	14, 5, 4
	7, 1, 15
	11, 13, 12
	3, 109, 14
	22, 80, 23
	15, 1, 0
	11, 12, 10
	14, 4, 12
	2, 12, 13
	20, 21, 93
	99, 92, 100
	21, 27, 18
	6, 8, 93
	9, 109, 6
	6, 7, 15
	14, 0, 5
	87, 10, 12
	68, 69, 72
	57, 28, 25
	3, 12, 2
	87, 12, 4
	51, 65, 23
	3, 2, 13
	109, 3, 108
	0, 14, 15
	109, 15, 14
	9, 6, 15
	13, 11, 55
	17, 62, 33
	16, 18, 27
	6, 109, 8
	74, 75, 73
	102, 103, 75
	18, 16, 19
	33, 24, 32
	8, 20, 93
	27, 8, 26
	21, 20, 27
	94, 101, 102
	29, 28, 58
	82, 48, 79
	17, 33, 16
	24, 25, 32
	78, 34, 85
	24, 57, 25
	22, 34, 80
	8, 27, 20
	50, 51, 52
	17, 16, 27
	28, 29, 31
	89, 97, 38
	28, 31, 30
	70, 69, 68
	38, 96, 39
	16, 33, 103
	78, 81, 82
	97, 25, 28
	36, 96, 28
	37, 39, 96
	111, 76, 74
	35, 34, 22
	62, 61, 33
	85, 113, 83
	30, 37, 28
	36, 28, 37
	98, 37, 30
	99, 7, 92
	97, 89, 91
	39, 37, 98
	104, 33, 90
	40, 44, 41
	44, 42, 41
	94, 95, 100
	42, 44, 43
	1, 7, 99
	59, 60, 45
	84, 46, 82
	45, 60, 46
	115, 46, 60
	46, 48, 47
	71, 67, 68
	55, 108, 13
	64, 53, 65
	115, 60, 105
	114, 77, 79
	63, 108, 56
	55, 11, 54
	80, 51, 23
	80, 78, 77
	66, 64, 65
	50, 66, 51
	54, 53, 63
	55, 56, 108
	54, 63, 55
	13, 108, 3
	29, 58, 31
	57, 58, 28
	57, 106, 59
	59, 31, 58
	57, 59, 58
	105, 24, 61
	114, 49, 77
	105, 57, 24
	33, 61, 24
	62, 17, 27
	69, 105, 62
	56, 55, 63
	63, 64, 66
	63, 53, 64
	65, 53, 23
	67, 50, 49
	66, 71, 107
	66, 65, 51
	67, 66, 50
	67, 49, 68
	66, 67, 71
	77, 49, 50
	105, 69, 70
	27, 72, 62
	72, 71, 68
	105, 68, 114
	70, 68, 105
	27, 26, 71
	26, 110, 71
	62, 72, 69
	27, 71, 72
	73, 75, 103
	42, 43, 74
	102, 75, 76
	18, 103, 102
	74, 76, 75
	92, 101, 94
	80, 50, 52
	50, 80, 77
	113, 85, 35
	79, 78, 82
	114, 79, 48
	77, 78, 79
	80, 52, 51
	34, 78, 80
	46, 47, 82
	82, 47, 48
	86, 81, 85
	82, 81, 83
	82, 83, 84
	78, 85, 81
	34, 35, 85
	85, 83, 86
	83, 81, 86
	88, 91, 89
	33, 91, 90
	104, 91, 88
	88, 73, 103
	32, 97, 33
	97, 96, 38
	6, 93, 7
	112, 76, 111
	93, 92, 7
	21, 18, 93
	44, 94, 43
	93, 101, 92
	94, 44, 95
	99, 44, 40
	96, 97, 28
	37, 96, 36
	33, 97, 91
	97, 32, 25
	44, 99, 95
	94, 100, 92
	95, 99, 100
	18, 102, 93
	102, 76, 112
	93, 102, 101
	18, 19, 103
	103, 19, 16
	103, 33, 104
	91, 104, 90
	88, 103, 104
	106, 105, 60
	105, 61, 62
	59, 106, 60
	57, 105, 106
	15, 109, 9
	63, 66, 107
	63, 107, 108
	110, 26, 109
	107, 109, 108
	109, 26, 8
	109, 107, 110
	71, 110, 107
	74, 43, 111
	112, 94, 102
	111, 43, 112
	43, 94, 112
	114, 115, 105
	49, 114, 68
	114, 48, 115
	46, 115, 48
Element Attributes: 199
	3
	3
	2
	7
	52
	12
	2
	7
	3
	7
	5
	53
	11
	5
	6
	2
	10
	32
	27
	13
	3
	32
	42
	0
	52
	10
	52
	2
	49
	1
	11
	6
	28
	4
	11
	1
	5
	14
	11
	51
	13
	18
	1
	1
	31
	13
	12
	14
	22
	11
	15
	41
	15
	27
	19
	39
	18
	35
	35
	19
	28
	17
	1
	46
	15
	15
	36
	53
	41
	36
	39
	20
	20
	34
	20
	53
	24
	54
	21
	21
	21
	27
	0
	42
	56
	48
	44
	49
	12
	29
	26
	22
	23
	0
	23
	0
	47
	13
	24
	47
	24
	43
	9
	43
	1
	40
	25
	23
	26
	23
	42
	22
	55
	22
	22
	27
	55
	9
	25
	40
	27
	56
	56
	14
	55
	40
	14
	50
	45
	4
	4
	28
	34
	29
	29
	46
	18
	48
	29
	12
	31
	54
	18
	31
	30
	30
	31
	17
	46
	30
	33
	16
	33
	50
	16
	41
	5
	51
	5
	38
	8
	34
	8
	37
	35
	19
	16
	35
	37
	34
	37
	38
	51
	38
	4
	39
	39
	33
	50
	56
	25
	24
	43
	52
	26
	44
	6
	44
	6
	44
	55
	45
	51
	45
	8
	56
	9
	48
	21
Facets: 172
	3, 14
	14, 5
	5, 4
	7, 1
	11, 13
	23, 22
	1, 0
	0, 15
	12, 10
	10, 11
	4, 12
	2, 12
	13, 2
	20, 21
	21, 93
	92, 100
	100, 99
	18, 21
	6, 8
	9, 109
	6, 9
	6, 7
	0, 5
	87, 10
	69, 72
	28, 25
	2, 3
	4, 87
	51, 65
	23, 51
	3, 108
	108, 109
	14, 15
	15, 9
	55, 13
	17, 62
	75, 73
	73, 74
	103, 75
	16, 19
	19, 18
	32, 33
	8, 20
	8, 26
	20, 27
	94, 101
	101, 102
	29, 28
	58, 29
	48, 79
	33, 16
	16, 17
	24, 25
	25, 32
	34, 85
	24, 57
	22, 34
	34, 80
	51, 52
	52, 50
	27, 17
	29, 31
	38, 89
	31, 30
	70, 69
	68, 70
	38, 96
	39, 38
	78, 81
	81, 82
	36, 96
	28, 36
	37, 39
	111, 76
	74, 111
	22, 35
	62, 61
	113, 83
	30, 37
	37, 36
	30, 98
	7, 92
	89, 91
	91, 97
	98, 39
	33, 90
	90, 104
	40, 44
	41, 40
	42, 41
	94, 95
	95, 100
	44, 43
	43, 42
	99, 1
	60, 45
	45, 59
	84, 46
	82, 84
	46, 45
	60, 115
	48, 47
	47, 46
	71, 67
	64, 53
	65, 64
	114, 77
	77, 79
	108, 56
	56, 63
	11, 54
	54, 55
	80, 78
	65, 66
	54, 53
	55, 56
	57, 58
	57, 106
	59, 31
	58, 59
	24, 61
	61, 105
	62, 69
	63, 64
	53, 23
	50, 49
	49, 67
	107, 66
	67, 66
	49, 68
	50, 77
	70, 105
	27, 72
	72, 71
	68, 114
	26, 71
	26, 110
	74, 42
	75, 76
	76, 102
	102, 18
	52, 80
	85, 35
	35, 113
	79, 78
	47, 82
	86, 81
	85, 86
	83, 84
	83, 86
	89, 88
	91, 90
	88, 104
	88, 73
	32, 97
	97, 96
	111, 112
	93, 92
	93, 101
	44, 95
	40, 99
	19, 103
	104, 103
	106, 105
	60, 106
	107, 63
	109, 110
	107, 110
	112, 94
	43, 112
	114, 115
	48, 115
Facet Attributes: 172
	145
	9
	2
	152
	129
	15
	0
	11
	62
	6
	61
	7
	8
	14
	83
	153
	150
	81
	4
	146
	5
	3
	10
	59
	93
	69
	1
	60
	102
	101
	148
	147
	144
	149
	132
	91
	137
	46
	134
	87
	13
	22
	19
	17
	18
	140
	141
	20
	124
	127
	85
	12
	16
	68
	54
	106
	23
	55
	33
	48
	90
	123
	97
	21
	44
	166
	96
	26
	57
	52
	67
	71
	75
	139
	114
	24
	39
	119
	72
	25
	73
	154
	98
	94
	74
	84
	88
	79
	27
	28
	66
	77
	29
	112
	151
	38
	37
	156
	155
	30
	168
	31
	157
	161
	99
	103
	126
	125
	110
	108
	130
	131
	58
	41
	34
	35
	36
	107
	122
	121
	104
	105
	92
	40
	100
	32
	42
	160
	163
	43
	49
	169
	89
	45
	165
	162
	164
	113
	47
	138
	82
	51
	117
	120
	50
	158
	56
	116
	53
	118
	63
	64
	135
	136
	70
	95
	142
	65
	80
	78
	76
	86
	133
	170
	171
	109
	111
	159
	143
	115
	167
	128
