HI             1215.6701000   0.4164000      6.265E8          1.007940         0      0       HI_1215
HI             1025.7223000   0.0791200      1.897E8          1.007940         0      0       HI_1025
HI              972.5368000   0.0290000      8.127E7          1.007940         0      0        HI_972
HI              949.7431000   0.0139400      4.204E7          1.007940         0      0        HI_949
HI              937.8035000   0.0077990      2.450E7          1.007940         0      0        HI_937
HI              930.7483000   0.0048140      1.236E7          1.007940         0      0        HI_930
HI              926.2257000   0.0031830      8.255E6          1.007940         0      0        HI_926
HI              923.1504000   0.0022160      5.785E6          1.007940         0      0        HI_923
HI              920.9631000   0.0016050      4.210E6          1.007940         0      0        HI_920
HI              919.3514000   0.0012000      3.160E6          1.007940         0      0        HI_919
HI              918.1294000   0.0009210      2.432E6          1.007940         0      0        HI_918
HI              917.1806000   0.0007200      1.911E6          1.007940         0      0        HI_917
HI              916.4290000   0.0005770      1.529E6          1.007940         0      0        HI_916
HI              915.8240000   0.0004690      1.243E6          1.007940         0      0      HI_915.8
HI              915.3290000   0.0003860      1.024E6          1.007940         0      0      HI_915.3
HI              914.9190000   0.0003210      8.533E5          1.007940         0      0      HI_914.9
HI              914.5760000   0.0002700      7.186E5          1.007940         0      0      HI_914.5
HI              914.2860000   0.0002300      6.109E5          1.007940         0      0      HI_914.2
HI              914.0390000   0.0001970      5.237E5          1.007940         0      0      HI_914.0
HI              913.8260000   0.0001700      4.523E5          1.007940         0      0      HI_913.8
HI              913.6410000   0.0001480      3.933E5          1.007940         0      0      HI_913.6
HI              913.4800000   0.0001290      3.443E5          1.007940         0      0      HI_913.4
HI              913.3390000   0.0001140      3.030E5          1.007940         0      0      HI_913.3
HI              913.2150000   0.0001010      2.679E5          1.007940         0      0      HI_913.2
HI              913.1040000   0.0000890      2.382E5          1.007940         0      0      HI_913.1
HI              913.0060000   0.0000800      2.127E5          1.007940         0      0      HI_913.0
HI              912.9180000   0.0000710      1.907E5          1.007940         0      0      HI_912.9
HI              912.8390000   0.0000640      1.716E5          1.007940         0      0      HI_912.8
HI              912.7680000   0.0000580      1.550E5          1.007940         0      0     HI_912.76
HI              912.7030000   0.0000530      1.405E5          1.007940         0      0     HI_912.70
HI              912.6450000   0.0000480      1.277E5          1.007940         0      0      HI_912.6
HI              911.7633000   0.630E-17      1.00000          1.007940         0      0        HI_911
DI             1215.3390000   0.4165000      6.270E8          2.014101         0      0       DI_1215
DI             1025.4430000   0.0791000      1.898E8          2.014101         0      0       DI_1025
DI              972.2720000   0.0290100      8.132E7          2.014101         0      0        DI_972
DI              949.4840000   0.0139500      7.646E7          2.014101         0      0        DI_949
DI              937.5480000   0.0078080      4.127E7          2.014101         0      0        DI_937
DI              930.4950000   0.0048170      1.237E7          2.014101         0      0        DI_930
DI              925.9730000   0.0031840      8.256E6          2.014101         0      0        DI_925
DI              922.8990000   0.0022160      5.782E6          2.014101         0      0        DI_922
DI              920.7120000   0.0016050      4.208E6          2.014101         0      0        DI_920
DI              919.1020000   0.0012010      3.158E6          2.014101         0      0        DI_919
DI              917.8790000   0.0009210      2.430E6          2.014101         0      0        DI_917
DI              916.9310000   0.0007230      1.910E6          2.014101         0      0      DI_916.9
DI              916.1790000   0.0005770      1.529E6          2.014101         0      0      DI_916.1
DI              915.5750000   0.0004690      1.243E6          2.014101         0      0      DI_915.5
DI              915.0800000   0.0003860      1.024E6          2.014101         0      0      DI_915.0
CII            1334.5323000   0.1278000      2.880e8         12.011000       178     10      CII_1334
CII            1036.3367000   0.1180000      2.200e9         12.011000       168     10      CII_1036
CIV            1548.2049000   0.1899000      2.642E8         12.011000       222      2      CIV_1548
CIV            1550.7784500   0.0947500      2.628E8         12.011000       115      2      CIV_1550
MgI            2852.9632800   1.8300000      5.000e8         24.305000        90     10      MgI_2852
AwI            2852.9632800   1.8300000      5.000e8         24.305000        90     10      AwI_2852
MgII           2796.3542699   0.6155000      2.680e8         24.305000       212      2     MgII_2796
AwII           2796.3542699   0.6155000      2.680e8         24.305000       212      2     AwII_2796
MgII           2803.5314853   0.3058000      2.660e8         24.305000       121      2     MgII_2803
AwII           2803.5314853   0.3058000      2.660e8         24.305000       121      2     AwII_2803
AlII           1670.7886000   1.7400000      1.390e9         26.981539       270     30     AlII_1670
AlIII          1862.7911300   0.2780000      5.340E8         26.981539       224      8    AlIII_1862
AlIII          1854.7182900   0.5590000      5.420E8         26.981539       258      6    AlIII_1854
SiII           1808.0128800   0.0020800      2.380e6         28.085500       520     30     SiII_1808
SiII           1526.7069800   0.1330000      1.130E9         28.085500        50     30     SiII_1526
SiII           1260.4221000   1.1800000      2.950E9         28.085500         0      0     SiII_1260
SiII           1193.2897000   0.5820000      4.070e9         28.085500         0      0     SiII_1193
SiIV           1393.7601800   0.5130000      8.800e8         28.085500       823     40     SiIV_1393
SiIV           1402.7729100   0.2540000      8.620e8         28.085500       361     15     SiIV_1402
TiII           3384.7304000   0.3580000      1.750e8         47.880000         0      0     TiII_3384
TiII           3242.9184000   0.2320000      2.440e8         47.880000         0      0     TiII_3242
TiII           1910.6123000   0.1040000      4.170E8         47.880000         0      0   TiII_1910.6
CrII           2066.1640300   0.0512000      4.170e8         51.996100     -1360    150     CrII_2066
CrII           2062.2361000   0.0759000      4.060e8         51.996100     -1280    150     CrII_2062
CrII           2056.2569300   0.1030000      4.070e8         51.996100     -1110    150     CrII_2056
MnII           2606.4620000   0.1980000      2.720e8         54.938050       869    150     MnII_2606
MnII           2594.4990000   0.2800000      2.780e8         54.938050      1030    150     MnII_2594
MnII           2576.8770000   0.3610000      2.820e8         54.938050      1276    150     MnII_2576
FeII           2600.1724835   0.2394000      2.700e8         55.847000      1370    100     FeII_2600
FeII           2586.6495659   0.0691250      2.720E8         55.847000      1515    100     FeII_2586
FeII           2382.7641781   0.3200000      3.130E8         55.847000      1505    100     FeII_2382
FeII           2374.4603294   0.0313000      3.090E8         55.847000      1625    100     FeII_2374
FeII           2367.5895925   2.1600e-5      3.070e8         55.847000         0      0     FeII_2367
FeII           2344.2129601   0.1142000      2.680e8         55.847000      1375    300     FeII_2344
FeII           2260.7805000   0.0024400      2.580e8         55.847000         0      0     FeII_2260
FeII           2249.8768000   0.0018210      4.138E6         55.847000         0      0     FeII_2249
FeII           1611.2003400   1.3800e-3      2.860e8         55.847000      1330    300     FeII_1611
FeII           1608.4508500   0.0577000      2.740e8         55.847000     -1165    300     FeII_1608
FeII           1260.5330000   0.0240000      1.260E8         55.847000         0      0     FeII_1260
NiII           1751.9157000   0.0277000      3.700E8         58.690000      -700    250     NiII_1751
NiII           1741.5531000   0.0427000      5.000E8         58.690000     -1400    250     NiII_1741
NiII           1709.6042000   0.0324000      4.350E8         58.690000       -20    250     NiII_1709
ZnII           2062.6604500   0.2460000      3.860e8         65.390000      1560     25     ZnII_2062
ZnII           2026.1370900   0.5010000      4.070e8         65.390000      2470     25     ZnII_2026
